

tl <- "Probability distribution from 1000 pdbs"

data <-c(1.51516,1.54976,1.52718,1.52007,1.52934,1.52762,1.51056,1.53944,1.51146,1.51157,1.51782,1.50414,1.52686,1.5109,1.51374,1.50158,1.50535,1.53559,1.50658,1.52099,1.51148,1.53807,1.51729,1.53392,1.52445,1.51904,1.49296,1.52759,1.53153,1.5346,1.52835,1.50926,1.53011,1.52017,1.52446,1.51188,1.53124,1.52904,1.53898,1.48179,1.49725,1.52324,1.54408,1.52493,1.53912,1.53681,1.53786,1.52996,1.518,1.52213,1.5097,1.50342,1.51273,1.54202,1.52379,1.52474,1.51773,1.51313,1.52795,1.5107,1.5181,1.52134,1.51734,1.52019,1.50656,1.53524,1.51263,1.51482,1.51412,1.52647,1.53084,1.52357,1.53454,1.51652,1.5248,1.50708,1.51813,1.541,1.54455,1.52729,1.51838,1.51266,1.52764,1.51348,1.54288,1.50812,1.50129,1.54896,1.52223,1.50817,1.49373,1.52448,1.52145,1.50725,1.52381,1.53776,1.5196,1.52584,1.51124,1.56062,1.51429,1.50676,1.49479,1.53571,1.52668,1.50469,1.5051,1.53386,1.51579,1.515,1.53306,1.51415,1.56646,1.51885,1.53348,1.53719,1.52118,1.51468,1.52821,1.5305,1.5375,1.5076,1.52959,1.52584,1.51593,1.52113,1.53138,1.53956,1.51989,1.51756,1.52163,1.5188,1.52988,1.51737,1.52892,1.53758,1.53092,1.51967,1.52018,1.52378,1.51936,1.51383,1.51351,1.52828,1.54078,1.53931,1.53368,1.53994,1.51174,1.52223,1.5243,1.5156,1.52345,1.50966,1.51963,1.52736,1.52136,1.51161,1.52784,1.52253,1.52395,1.53694,1.53349,1.53295,1.53862,1.51013,1.51014,1.51564,1.54132,1.4971,1.52334,1.53395,1.53214,1.51666,1.53291,1.52145,1.53669,1.52746,1.52512,1.51368,1.52053,1.5519,1.5328,1.50733,1.54619,1.52822,1.50804,1.5178,1.51495,1.52929,1.52554,1.53789,1.5291,1.53079,1.52353,1.51758,1.53408,1.52818,1.52314,1.53691,1.52029,1.52625,1.5101,1.5334,1.52465,1.50177,1.54277,1.52518,1.52719,1.54469,1.5043,1.53644,1.49187,1.52801,1.50659,1.53508,1.52095,1.51651,1.50513,1.52761,1.51537,1.5202,1.5331,1.50064,1.51774,1.51208,1.49508,1.52174,1.50889,1.52507,1.51547,1.48591,1.51615,1.51379,1.50481,1.51687,1.49976,1.51512,1.53625,1.4954,1.51639,1.53828,1.51394,1.51097,1.52062)
data -> c(data,1.51733,1.51625,1.51136,1.51201,1.5165,1.52551,1.53472,1.50968,1.52001,1.53227,1.51866,1.53013,1.52212,1.53076,1.51487,1.52231,1.50237,1.53488,1.51715,1.53431,1.50738,1.53006,1.51419,1.51836,1.53184,1.52254,1.52741,1.53004,1.52763,1.51555,1.5203,1.52668,1.53528,1.53397,1.51968,1.5256,1.5266,1.5284,1.53355,1.52961,1.52702,1.53781,1.51707,1.52969,1.53974,1.52264,1.52156,1.53879,1.53799,1.51274,1.51336,1.5364,1.52805,1.51423,1.53802,1.52645,1.49736,1.51562,1.52602,1.52155,1.50885,1.52839,1.50374,1.5153,1.53838,1.51593,1.54089,1.52883,1.53627,1.54513,1.50898,1.53228,1.52804,1.50181,1.50412,1.51411,1.52265,1.52942,1.51799,1.5308,1.52694,1.52186,1.53586,1.5181,1.53554,1.53012,1.517,1.51165,1.52075,1.53164,1.51043,1.5354,1.51943,1.4998,1.50233,1.53394,1.52432,1.49967,1.50268,1.52355,1.53375,1.52779,1.52255,1.53056,1.51631,1.51391,1.53783,1.5267,1.52582,1.52756,1.53133,1.53167,1.52613,1.51748,1.521,1.51665,1.52155,1.50856,1.52603,1.53062,1.52387,1.54172,1.50502,1.54346,1.53493,1.53153,1.49212,1.51922,1.51317,1.50573,1.51141,1.50492,1.51599,1.52277,1.5341,1.52134,1.52543,1.52171,1.50913,1.52401,1.53158,1.53103,1.52263,1.52085,1.54751,1.55989,1.55019,1.54168,1.50652,1.49875,1.52407,1.52249,1.53036,1.51911,1.54805,1.51885,1.5306,1.54078,1.52816,1.54067,1.5163,1.52501,1.5356,1.53446,1.53627,1.53251,1.52019,1.52699,1.54154,1.5274,1.53472,1.53711,1.53056,1.53394,1.50961,1.5115,1.51393,1.5214,1.53456,1.53049,1.51772,1.52874,1.52685,1.54736,1.54523,1.5028,1.50265,1.50449,1.50769,1.54402,1.53005,1.51476,1.51472,1.50579,1.5206,1.52197,1.50882,1.51717,1.52552,1.50075,1.52215,1.53614,1.53134,1.54263,1.53176,1.51785,1.52336,1.52771,1.51542,1.51914,1.52242,1.53389,1.52308,1.51432,1.5246,1.53134,1.51931,1.52567,1.52361,1.53105,1.52305,1.50853,1.53859,1.52885,1.51167,1.53766,1.53424,1.5248,1.52577,1.52502,1.53028,1.53138,1.50678,1.51943,1.5351,1.51827,1.52551,1.55146,1.50857,1.52351,1.51471,1.53798,1.50469)
data -> c(data,1.51569,1.52034,1.52437,1.5252,1.53,1.54503,1.51645,1.52961,1.5327,1.49762,1.54517,1.51335,1.53915,1.53603,1.49902,1.52108,1.53258,1.53422,1.51981,1.52999,1.51021,1.52505,1.51625,1.51988,1.50705,1.51644,1.54354,1.54379,1.53388,1.52824,1.52994,1.49292,1.51485,1.51191,1.52929,1.51891,1.53458,1.53457,1.54433,1.53047,1.51334,1.52278,1.5348,1.55118,1.5631,1.51245,1.50974,1.5234,1.51779,1.53883,1.55061,1.52459,1.53044,1.50663,1.52799,1.52395,1.51045,1.51697,1.53999,1.55133,1.51193,1.53285,1.52336,1.53984,1.52333,1.52472,1.52599,1.51966,1.53288,1.53954,1.53181,1.50519,1.51329,1.50678,1.50657,1.51781,1.51776,1.52841,1.51376,1.51839,1.52141,1.5225,1.52885,1.54217,1.53386,1.5389,1.52,1.53205,1.48036,1.50147,1.52426,1.51658,1.53248,1.53067,1.50211,1.54483,1.52522,1.53873,1.48927,1.52436,1.53105,1.48929,1.52815,1.51496,1.52563,1.51208,1.49402,1.53826,1.51689,1.51547,1.48979,1.52083,1.50703,1.51816,1.52682,1.52699,1.53004,1.50262,1.51471,1.50184,1.52028,1.52556,1.52165,1.5235,1.53468,1.55699,1.52984,1.55574,1.52578,1.52557,1.52977,1.5269,1.52916,1.5272,1.51157,1.5141,1.52698,1.51657,1.52258,1.51688,1.5272,1.52953,1.5165,1.525,1.52586,1.53378,1.50999,1.52843,1.50376,1.50551,1.52712,1.53809,1.52785,1.51573,1.50954,1.53247,1.51925,1.50632,1.52591,1.51458,1.51933,1.53187,1.49251,1.51303,1.52986,1.51646,1.51596,1.50496,1.51084,1.51817,1.52927,1.5211,1.52827,1.51451,1.52277,1.53024,1.53349,1.51176,1.53181,1.52769,1.53586,1.51199,1.50605,1.52344,1.52961,1.53461,1.52739,1.52231,1.50354,1.53768,1.51545,1.54089,1.53385,1.53579,1.52754,1.5412,1.52507,1.52629,1.50944,1.527,1.5238,1.5296,1.52286,1.53675,1.54743,1.50932,1.54206,1.51883,1.51483,1.50874,1.49929,1.50653,1.49023,1.535,1.51973,1.52902,1.50426,1.51326,1.49708,1.48919,1.51018,1.53705,1.52366,1.53073,1.51789,1.52326,1.53482,1.54108,1.53002,1.51917,1.5203,1.52531,1.52351,1.51556,1.54119,1.53614,1.51916,1.53237,1.53484,1.54087,1.53193,1.5286,1.53279)
data -> c(data,1.52165,1.52336,1.5282,1.51101,1.50485,1.52758,1.49251,1.51157,1.49047,1.53156,1.50423,1.5532,1.50723,1.52025,1.53133,1.54058,1.52678,1.52701,1.50442,1.50716,1.53926,1.52473,1.54143,1.4939,1.52271,1.5344,1.54545,1.53948,1.51965,1.51998,1.52586,1.5148,1.52613,1.54129,1.52822,1.54068,1.52917,1.53269,1.53171,1.53996,1.52703,1.53584,1.54653,1.53656,1.53406,1.51887,1.52547,1.53223,1.5365,1.529,1.54702,1.53018,1.50598,1.51908,1.54385,1.52741,1.51483,1.54237,1.51351,1.53597,1.56197,1.51914,1.49948,1.51161,1.53192,1.51869,1.52426,1.5252,1.51938,1.51939,1.54419,1.51185,1.51547,1.54227,1.53024,1.52849,1.52957,1.5094,1.52513,1.53152,1.53507,1.53252,1.49039,1.51688,1.52855,1.54065,1.50722,1.53222,1.4992,1.5083,1.51619,1.52806,1.50928,1.52261,1.53127,1.572,1.52351,1.5129,1.53168,1.52449,1.54099,1.53704,1.51345,1.5108,1.52747,1.50236,1.5269,1.52681,1.50531,1.5131,1.52858,1.52879,1.52907,1.51867,1.53069,1.5216,1.52781,1.49163,1.52428,1.51062,1.51969,1.52495,1.52123,1.5389,1.50441,1.54125,1.51871,1.52916,1.52299,1.51392,1.51939,1.52177,1.5127,1.53177,1.53127,1.53333,1.51984,1.49746,1.48608,1.51758,1.51263,1.52527,1.5184,1.52089,1.53251,1.52202,1.50794,1.52913,1.5186,1.50386,1.51318,1.52717,1.53061,1.52472,1.53561,1.54521,1.52717,1.50895,1.5082,1.52478,1.51929,1.5158,1.53468,1.53909,1.54201,1.53141,1.50554,1.52186,1.5169,1.52509,1.53245,1.53103,1.4825,1.53793,1.50107,1.52918,1.53274,1.5065,1.54076,1.5276,1.48859,1.51383,1.51244,1.51565,1.50525,1.51471,1.52796,1.50531,1.516,1.51997,1.54208,1.50978,1.51283,1.52759,1.52772,1.51014,1.53157,1.52904,1.49905,1.50423,1.51976,1.51098,1.53778,1.51702,1.51925,1.53233,1.52538,1.49608,1.52633,1.54955,1.53241,1.52927,1.49376,1.53315,1.52459,1.5269,1.49361,1.53372,1.52442,1.51949,1.51497,1.52375,1.53541,1.52436,1.50578,1.54053,1.53196,1.53618,1.52049,1.51959,1.51051,1.52916,1.5398,1.53243,1.52254,1.50178,1.50905,1.53126,1.5361,1.50873,1.51377,1.53476,1.49671,1.51462)
data -> c(data,1.50761,1.52708,1.52845,1.51813,1.52452,1.51153,1.53356,1.52544,1.53338,1.50772,1.51147,1.50088,1.5109,1.51874,1.51352,1.50933,1.52914,1.51519)
